    const float[] L_Kernel = {0.000000, -0.001032, -0.004303, -0.009948, \
-0.017905, -0.027892, -0.039389, -0.051644, -0.063684, -0.074349, -0.082335, \
-0.086260, -0.084725, -0.076399, -0.060095, -0.034851, 0.000000, 0.044764, \
0.099341, 0.163195, 0.235347, 0.314384, 0.398503, 0.485562, 0.573159, 0.658729, \
0.739643, 0.813323, 0.877354, 0.929589, 0.968246, 0.991992, 1.000000, 0.991992, \
0.968246, 0.929589, 0.877354, 0.813323, 0.739643, 0.658729, 0.573159, 0.485562, \
0.398503, 0.314384, 0.235347, 0.163195, 0.099341, 0.044764, 0.000000, -0.034851,\
-0.060095, -0.076399, -0.084725, -0.086260, -0.082335, -0.074349, -0.063684,\
-0.051644, -0.039389, -0.027892, -0.017905, -0.009948, -0.004303, -0.001032,\
0.000000};\
\
    const float[] GD_Kernel = {-0.000370, -0.000525, -0.000739, -0.001032,\
-0.001429, -0.001962, -0.002670, -0.003605, -0.004826, -0.006407, -0.008433,\
-0.011006, -0.014242, -0.018272, -0.023241, -0.029305, -0.036631, -0.045388,\
-0.055742, -0.067850, -0.081849, -0.097841, -0.115890, -0.135997, -0.158099,\
-0.182045, -0.207594, -0.234401, -0.262014, -0.289875, -0.317321, -0.343598,\
-0.367879, -0.389285, -0.406913, -0.419876, -0.427337, -0.428549, -0.422896,\
-0.409929, -0.389400, -0.361286, -0.325806, -0.283425, -0.234853, -0.181023,\
-0.123062, -0.062256, 0.000000, 0.062256, 0.123062, 0.181023, 0.234853, 0.283425,\
0.325806, 0.361286, 0.389400, 0.409929, 0.422896, 0.428549, 0.427337, 0.419876,\
0.406913, 0.389285, 0.367879, 0.343598, 0.317321, 0.289875, 0.262014, 0.234401,\
0.207594, 0.182045, 0.158099, 0.135997, 0.115890, 0.097841, 0.081849, 0.067850,\
0.055742, 0.045388, 0.036631, 0.029305, 0.023241, 0.018272, 0.014242, 0.011006,\
0.008433, 0.006407, 0.004826, 0.003605, 0.002670, 0.001962, 0.001429, 0.001032,\
0.000739, 0.000525, 0.000000};\


